med dm twosigdown onesigdown exp onesigup twosigup observed
10 1 .1269000 .1699000 .2380000 .3358000 .4555000 .2958000
10 10 28.6930000 38.4072000 53.8125000 75.9059000 103.6642000 68.4242000
10 50 970.1631000 1298.6176000 1819.5000000 2581.0234000 3538.0557000 2355.3228000
10 150      35964.2577000
10 500      580170.0318000
10 1000      533683.4457000
15 10 8.6043000 11.4946000 16.0781000 22.6792000 30.7681000 20.4173000
20 1 .1271000 .1703000 .2366000 .3337000 .4557000 .2940000
50 1 .1168000 .1558000 .2175000 .3086000 .4202000 .2746000
50 10 .1152000 .1542000 .2161000 .3048000 .4162000 .2720000
50 50 32.4921000 43.4924000 60.9375000 86.4419000 118.4942000 78.4535000
95 50 1.7623000 2.3542000 3.2930000 4.6449000 6.3436000 4.2606000
100 1 .1058000 .1422000 .2000000 .2828000 .3883000 .2592000
100 10 .1250000 .1670000 .2336000 .3296000 .4501000 .2989000
200 1 .1191000 .1594000 .2234000 .3151000 .4303000 .2785000
200 50 .1105000 .1479000 .2073000 .2924000 .3993000 .2583000
200 150 17.9134000 24.0117000 33.8438000 48.2783000 66.8459000 43.4446000
295 150 .7660000 1.0242000 1.4473000 2.0530000 2.8142000 1.8496000
300 1 .1195000 .1600000 .2241000 .3179000 .4358000 .2889000
300 50 .1156000 .1545000 .2161000 .3065000 .4201000 .2711000
500 1 .1480000 .1981000 .2776000 .3949000 .5405000 .3560000
500 150 .1757000 .2352000 .3296000 .4702000 .6468000 .4226000
500 500 422.4309000 573.9722000 822.3750000 1205.9036000 1706.6343000 1132.7905000
995 500 1.8395000 2.4790000 3.5273000 5.1161000 7.1980000 4.7357000
1000 1 .1915000 .2560000 .3618000 .5132000 .7081000 .4442000
1000 150 .1962000 .2636000 .3706000 .5287000 .7273000 .4655000
1000 1000      21246.7102000
1995 1000 13.4806000 18.3545000 26.3438000 38.6296000 54.6699000 36.3320000
2000 1 .6050000 .8220000 1.1777000 1.7270000 2.4586000 1.6312000
2000 500 .8825000 1.1942000 1.7051000 2.4867000 3.4880000 2.3066000
10000 1      547213.8839000
10000 10      559969.7984000
10000 50      552669.7428000
10000 150      563111.8826000
10000 500      623798.3122000
10000 1000      583844.2005000
