0.35 1 10 1000 150 1000 1000 .4016250 .5397470 .7587890 1.0824180 1.4891390 1.1017350
0.35 1 10 1000 250 1000 1000 .5163750 .6939600 .9755860 1.3916800 1.9146070 1.4730360
0.35 1 10 1000 350 1000 1000 .7908440 1.0628220 1.4941410 2.1194900 2.9053880 2.4357860
0.35 1 10 1000 400 1000 1000 1.1195870 1.5046220 2.1152340 3.0005330 4.0863080 3.5768150
0.35 1 10 1000 500 1000 1000 2.4431530 3.2702980 4.5820310 6.4632410 8.7684510 8.1045320
0.35 1 10 1100 250 1100 1100 .6495550 .8718870 1.2363280 1.7636300 2.4263190 1.6305870
0.35 1 10 1100 350 1100 1100 .8835180 1.1921670 1.6816410 2.3988710 3.3002540 2.3454460
0.35 1 10 1100 500 1100 1100 .2008120 .2684780 .3793950 .5381840 .7329320 .6146310
0.35 1 10 1200 150 1200 1200 .7419090 1.0010880 1.4121090 2.0368980 2.8216000 1.7833170
0.35 1 10 1200 250 1200 1200 .8525050 1.1519640 1.6347660 2.3450370 3.2374820 2.0394820
0.35 1 10 1200 350 1200 1200 1.0887910 1.4643960 2.0800780 2.9838280 4.1193770 2.6122390
0.35 1 10 1200 500 1200 1200 2.0654980 2.7758410 3.9023440 5.5978290 7.6792090 5.4101880
0.35 1 10 1300 150 1300 1300 1.0419500 1.4042210 1.9980470 2.8661560 3.9819980 2.4795240
0.35 1 10 1300 250 1300 1300 1.1458400 1.5524460 2.1972660 3.1606890 4.3847430 2.6982900
0.35 1 10 1300 350 1300 1300 1.4238970 1.9291730 2.7304690 3.9385670 5.4558740 3.3533540
0.35 1 10 1300 500 1300 1300 2.3457870 3.1487110 4.4648440 6.4047230 8.8421550 5.6033900
0.35 1 10 1400 150 1400 1400 1.4116740 1.9126130 2.7070310 3.9263400 5.4567560 3.3684570
0.35 1 10 1400 250 1400 1400 1.5461200 2.0947670 2.9648440 4.3002770 5.9764470 3.6110160
0.35 1 10 1400 350 1400 1400 1.8883440 2.5448940 3.6210940 5.1943820 7.2166410 4.4036320
0.35 1 10 1400 450 1400 1400 2.5300140 3.4096630 4.8515620 6.9594630 9.6688980 5.9119810
0.35 1 10 1500 150 1500 1500 1.8984600 2.5689380 3.6679690 5.3201060 7.4393620 4.5339990
0.35 1 10 1500 250 1500 1500 2.0925520 2.8315770 4.0429690 5.8640140 8.2501710 4.9058950
0.35 1 10 1500 400 1500 1500 2.8022000 3.7918510 5.4140620 7.8095180 10.8856940 6.5583340
0.35 1 10 1600 150 1600 1600 2.7328950 3.7031760 5.3203120 7.7167030 10.7906400 6.6942410
0.35 1 10 1600 250 1600 1600 2.9736790 4.0404450 5.7890620 8.3965880 11.8132880 7.0579290
0.35 1 10 1600 350 1600 1600 3.2385410 4.4003230 6.3046880 9.1444630 12.8654830 7.5703740
0.35 1 10 200 100 200 200 7.3797910 9.8009730 13.6406250 19.0234640 25.4268440 36.4077010
0.35 1 10 200 150 200 200 6.9233090 9.2635580 12.7968750 17.8467560 24.0186330 33.3987120
0.35 1 10 300 100 300 300 17.4984740 23.2394200 32.3437500 45.1071850 60.2904550 83.3382500
0.35 1 10 300 150 300 300 20.6451420 27.6647830 38.4375000 54.2184940 73.5563130 68.9532760
0.35 1 10 400 100 400 400 3.6129000 4.8170110 6.7265620 9.3809870 12.6251780 18.8751260
0.35 1 10 400 150 400 400 18.0056760 23.9130270 33.2812500 46.6799580 62.6536290 85.1239940
0.35 1 10 400 250 400 400 133.6201170 177.8046260 247.8750000 347.6670840 466.6371770 570.4803870
0.35 1 10 500 150 500 500 .4893780 .6524780 .9111330 1.2706820 1.7101180 2.3879630
0.35 1 10 500 200 500 500 1.9393620 2.5806550 3.5976560 5.0460380 6.7727690 9.6695770
0.35 1 10 500 250 500 500 14.2523800 18.9283390 26.3437500 36.7394750 49.4449500 72.0028910
0.35 1 10 500 300 500 500 59.5327150 79.2185520 110.4375000 154.8985750 207.9041600 337.2688940
0.35 1 10 600 200 600 600 .4358770 .5803250 .8056640 1.1235940 1.5121620 1.8363620
0.35 1 10 600 250 600 600 .8180690 1.0885830 1.5175780 2.1164420 2.8483630 3.7847300
0.35 1 10 600 300 600 600 2.5114060 3.3484100 4.6757810 6.5209300 8.7760380 12.5366220
0.35 1 10 600 350 600 600 15.8754270 21.0838790 29.3437500 40.9233280 55.0756910 76.7739920
0.35 1 10 700 250 700 700 .5177020 .6902430 .9638670 1.3519110 1.8145290 1.8164110
0.35 1 10 700 300 700 700 .8590740 1.1409210 1.5878910 2.2271600 2.9892840 3.2884670
0.35 1 10 700 350 700 700 1.8449480 2.4502430 3.4101560 4.7558660 6.4005690 7.9036630
0.35 1 10 700 400 700 700 5.6045840 7.4433510 10.3593750 14.4473730 19.3104210 26.5076060
0.35 1 10 800 250 800 800 .4436990 .5927410 .8291020 1.1695000 1.5866190 1.4254990
0.35 1 10 800 300 800 800 .6271360 .8377970 1.1718750 1.6436610 2.2211120 2.0309590
0.35 1 10 800 350 800 800 1.0228160 1.3637010 1.9042970 2.6709480 3.6093080 3.4367440
0.35 1 10 800 400 800 800 1.9083480 2.5407680 3.5273440 4.9474180 6.6855480 6.9231260
0.35 1 10 800 500 800 800 11.2901000 15.0468270 20.7187500 29.0599170 39.0040890 52.3072680
0.35 1 10 900 300 900 900 .5680850 .7619280 1.0693360 1.5083650 2.0599650 1.8587960
0.35 1 10 900 350 900 900 .8154260 1.0914930 1.5292970 2.1571690 2.9265540 2.6609660
0.35 1 10 900 400 900 900 1.2777330 1.7121800 2.3789060 3.3745610 4.5655310 4.1636480
0.35 1 10 900 500 900 900 3.9905550 5.3205320 7.4296880 10.3615780 14.0404390 14.0958180
