med dm twosigdown onesigdown exp onesigup twosigup observed
10 1 .1058220 .1414470 .1970210 .2779110 .3745230 .4207900
10 10 24.4940190 32.7866130 45.9375000 64.4314960 87.0676120 96.6807330
10 50 884.4177250 1179.1776120 1646.6250000 2322.6672360 3130.1081540 3495.1821350
10 150      54030.2715460
10 500      774409.4267400
10 1000      579382.0481070
15 10 7.3768620 9.8354310 13.7343750 19.2637020 26.0314390 29.6566850
20 1 .1089690 .1452870 .2028810 .2845590 .3845300 .4472210
50 1 .1050350 .1407490 .1955570 .2758450 .3717380 .4054940
50 10 .1018880 .1358460 .1896970 .2645550 .3584850 .4202710
50 50 29.1046140 38.8046380 54.1875000 76.4348530 103.0062940 115.7967070
95 50 1.4791490 1.9820800 2.7539060 3.8626020 5.2196140 6.2472620
100 1 .0986670 .1310370 .1823730 .2557950 .3456610 .3709610
100 10 .1042490 .1389930 .1940920 .2737790 .3689540 .4282590
200 1 .1034900 .1385280 .1940920 .2722310 .3678720 .4227930
200 50 .1034620 .1386400 .1926270 .2717120 .3661690 .4244860
200 150 17.4457400 23.3520980 32.7187500 46.1518400 62.6125720 62.4018510
295 150 .7279470 .9743980 1.3652340 1.9257480 2.5952060 2.7587850
300 1 .1050350 .1407490 .1955570 .2758450 .3717380 .4033330
300 50 .1018880 .1361890 .1896970 .2675800 .3630160 .4095590
500 1 .1362950 .1824380 .2556150 .3585230 .4877520 .5829810
500 150 .1612900 .2150450 .3002930 .4235820 .5746590 .5959680
500 500 459.0988770 616.9869380 867.3750000 1230.4013670 1697.6221920 1180.8050200
995 500 1.8932880 2.5342710 3.5507810 5.0652130 6.9236970 5.5871490
1000 1 .1754520 .2339270 .3266600 .4633790 .6269170 .6091510
1000 150 .1929220 .2582360 .3618160 .5103650 .6923940 .6934400
1000 1000      16881.1317120
1995 1000 14.4318240 19.5752980 27.4687500 39.1843530 53.9079820 37.1333570
2000 1 .6557120 .8847790 1.2480470 1.7803470 2.4335770 1.7105960
2000 500 .9335060 1.2545470 1.7636720 2.5018290 3.4518500 2.5271140
10000 1      165695.4133080
10000 10      170734.0962820
10000 50      166924.2982900
10000 150      168814.0974380
10000 500      177775.9126300
10000 1000      199488.3491510
