med dm twosigdown onesigdown exp onesigup twosigup observed
600 300 .2381320 .3174980 .4433590 .6183170 .8321470 1.1676480
600 400 5.5557250 7.4073440 10.3437500 14.5080430 19.6050190 22.9590170
800 300 .0402250 .0538430 .0754390 .1064120 .1443650 .1111190
800 400 .2234460 .2986680 .4160160 .5834990 .7884950 .7005450
800 500 1.4497530 1.9253920 2.6796880 3.7371410 5.0295420 6.3600990
800 600 9.3868260 12.5152790 17.4765620 24.5124570 33.1241910 37.9349890
1000 300 .0275240 .0369900 .0520020 .0745960 .1029840 .0756490
1000 400 .0901980 .1212170 .1704100 .2417330 .3313660 .2798790
1000 500 .2367360 .3181520 .4472660 .6308960 .8559140 .7125600
1000 600 .7977220 1.0677950 1.4960940 2.0984070 2.8356200 2.4778050
1000 700 3.8716430 5.1418620 7.1562500 10.0372870 13.4720010 15.2735690
1000 800 13.4948730 17.9924620 25.1250000 35.4403800 48.0807110 50.0961360
1200 300      
1200 400      
1200 500      
1200 600      
1200 700      
1200 800      
1400 300 .0377820 .0511260 .0729980 .1064600 .1493270 .0831430
1400 400 .0887060 .1200340 .1713870 .2485830 .3476060 .1937430
1400 500 .1379870 .1877250 .2666020 .3866850 .5374080 .2989280
1400 600 .2052120 .2776860 .3964840 .5719090 .7971850 .4409520
1400 700 .3465730 .4685970 .6621090 .9550600 1.3229910 .7616240
1400 800 .6941990 .9348180 1.3164060 1.8883570 2.5904840 1.7377890
1700 300 .0676920 .0925510 .1333010 .1922800 .2696840 .1418150
1700 400 .1299230 .1780110 .2568360 .3786630 .5405410 .2810030
1700 500 .1714190 .2348660 .3388670 .4996050 .7131850 .3780100
1700 600 .2220270 .3029310 .4355470 .6421440 .9113290 .4924430
1700 700 .3016780 .4116060 .5917970 .8630740 1.2179170 .6721180
1700 800 .4629900 .6265040 .8945310 1.2974490 1.8142850 1.0152590
2000 300 .1429580 .1768840 .2353520 .3263490 .4495330 .2215050
2000 400 .2906610 .3596390 .4785160 .6635320 .9139880 .4496470
2000 400 .2906610 .3596390 .4785160 .6635320 .9139880 .4496470
2000 500 .3784520 .4701750 .6230470 .8689130 1.1934450 .5962340
2000 600 .4677200 .5892390 .7851560 1.0887340 1.4996860 .7641420
2000 700 .5604170 .7182270 .9726560 1.3487300 1.8578200 .9637940
2000 800 .6241610 .8448750 1.1835940 1.6789690 2.3315250 1.2309950
2500 300 .1519490 .2156150 .3310550 .5342730 .8184610 .3211380
2500 400 .3038980 .4312310 .6621090 1.0579890 1.6327150 .6445030
2500 500 .3890610 .5484940 .8476560 1.3544750 2.0520380 .8311720
2500 600 .4751210 .6698200 1.0351560 1.6334520 2.4497580 1.0228130
2500 700 .5779720 .8182460 1.2539060 1.9386490 2.8684760 1.2392820
2500 800 .7527010 1.0684190 1.5859380 2.3887830 3.4821010 1.5573980
2750 300 .1846280 .2724330 .4316410 .7103680 1.1290770 .3885860
2750 500 .4686360 .6811240 1.0664060 1.7380230 2.7372800 .9730750
2750 800 .7709500 1.0939780 1.6796880 2.7107650 4.2275650 1.5994340
3000 300 .2334820 .3580530 .5917970 1.0116860 1.6333740 .5081110
3000 500 .5646130 .8585720 1.4101560 2.3882000 3.8576380 1.2200030
3000 800 .8718570 1.2939390 2.0859380 3.4661670 5.5114380 1.8415060
3500 300 .4956090 .7798620 1.3320310 2.3408430 3.9035880 1.1141260
3500 500 1.1249310 1.7701270 3.0234380 5.3132320 8.7997080 2.5242390
3500 800 1.4531250 2.2761840 3.8750000 6.7479410 11.1932270 3.2467660
4000 300 1.2433620 1.9624760 3.3593750 5.9571540 9.9824970 2.7933490
4000 500 2.7569160 4.3648410 7.4882810 13.2789120 22.1033730 6.1939310
4000 800 3.3106000 5.2192580 8.9921880 15.9457770 26.5424960 7.4440040
