med dm twosigdown onesigdown exp onesigup twosigup observed
1000 1000      
1000 100 .8467000 1.1333000 1.5879000 2.2398000 3.0791000 2.0738000
1000 125 .8529000 1.1417000 1.5996000 2.2563000 3.1019000 2.0883000
1000 15 .8529000 1.1417000 1.5996000 2.2691000 3.0902000 2.0970000
1000 1 .8404000 1.1221000 1.5762000 2.2233000 3.0363000 2.0503000
1000 225 .9279000 1.2420000 1.7402000 2.4547000 3.3524000 2.2695000
1000 25 .8217000 1.0999000 1.5410000 2.1860000 2.9965000 2.0268000
1000 275 1.0185000 1.3633000 1.9102000 2.7096000 3.6901000 2.4985000
1000 300 1.0966000 1.4679000 2.0566000 2.9010000 3.9619000 2.6828000
1000 30 .8404000 1.1249000 1.5762000 2.2359000 3.0449000 2.0631000
1000 325 1.1966000 1.6017000 2.2441000 3.1834000 4.3638000 2.9408000
1000 350 1.3559000 1.8057000 2.5430000 3.5870000 4.8988000 3.3117000
1000 40 .8467000 1.1333000 1.5879000 2.2398000 3.0589000 2.0666000
1000 450 3.1367000 4.1987000 5.8828000 8.3450000 11.4393000 7.6994000
1000 45 .8529000 1.1417000 1.5996000 2.2563000 3.0815000 2.0806000
1000 475 4.3864000 5.8715000 8.2266000 11.6041000 15.9524000 10.7396000
1000 50 .8780000 1.1707000 1.6348000 2.3190000 3.1581000 2.1266000
1000 525 95.0268000 127.1987000 178.2188000 252.8094000 344.2913000 233.1223000
1000 550 285.4803000 382.1313000 535.4062000 759.4922000 1034.3228000 700.2881000
1000 575 632.2456000 846.2961000 1185.7500000 1682.0272000 2290.6870000 1550.5618000
1000 5 .8404000 1.1249000 1.5762000 2.2296000 3.0506000 2.0586000
1000 600 1573.9497000 2105.9834000 2909.2500000 4057.2932000 5460.4116000 3497.8935000
1000 60 .8717000 1.1668000 1.6348000 2.3125000 3.1537000 2.1305000
1000 625 2655.3047000 3526.4641000 4908.0000000 6883.9131000 9302.3740000 5970.9554000
1000 700      21742.7580000
1000 70 .8529000 1.1417000 1.5996000 2.2691000 3.0902000 2.0958000
1000 725      31708.2353000
1000 750      45746.6834000
1000 775      63964.8981000
1000 80 .8404000 1.1249000 1.5762000 2.2359000 3.0449000 2.0569000
1000 825      119470.7660000
1000 850      162457.5700000
1000 875      216658.1203000
1000 900      285907.1084000
1000 90 .8435000 1.1268000 1.5762000 2.2359000 3.0649000 2.0663000
1000 975      
100 1000      776017.6975000
100 10 .1255000 .1673000 .2336000 .3296000 .4501000 .2994000
100 125 429.8540000 1006.8658000 3399.0000000 6840.3340000 10308.5537000 4745.7662000
100 150 1166.0156000 3158.1460000 6000.0000000 12074.7295000 18196.9180000 13846.5242000
100 15 .1320000 .1752000 .2439000 .3440000 .4667000 .3054000
100 175 2777.3438000 5974.8232000 6000.0000000 12074.7295000 18196.9180000 30695.6261000
100 1 .1247000 .1671000 .2322000 .3294000 .4485000 .2985000
100 200      54285.2478000
100 20 .1263000 .1684000 .2351000 .3316000 .4529000 .2996000
100 225      111816.8100000
100 250      208813.6386000
100 25 .1310000 .1751000 .2439000 .3440000 .4698000 .3088000
100 275      387555.4545000
100 20      
100 300      
100 30 .1293000 .1730000 .2424000 .3439000 .4683000 .3104000
100 325      0
100 20      
100 350      
100 35 .1456000 .1941000 .2710000 .3823000 .5186000 .3424000
100 375      322731.7136000
100 425      582223.9810000
100 450      605044.8622000
100 500      
100 525      679532.8652000
100 5 .1223000 .1631000 .2278000 .3231000 .4429000 .2909000
100 600      775046.0319000
100 60 7.6424000 10.9933000 17.3906000 30.2841000 52.7058000 25.3625000
100 625      
100 650      795600.9676000
100 675      771468.9071000
100 700 .1263000 .1684000 .2351000 .3316000 .4529000 .2996000
100 70 20.1806000 31.4244000 57.5625000 115.8419000 174.5767000 88.0309000
100 20 
1000 125 .8467000 1.1333000 1.5879000 2.2398000 3.0791000 2.0738000
1000 100 .8467000 1.1333000 1.5879000 2.2398000 3.0791000 2.0738000
1000 1      
1000 1      
1000 1      
1000 1      
1000 1 .6182000 .8210000 1.1426000 1.6026000 2.1656000 1.8549000
1000 1 .6182000 .8210000 1.1426000 1.6026000 2.1656000 1.8549000
       
1000 1 .1976000 .2645000 .3706000 .5287000 .7226000 .4735000
1000 1 .1976000 .2645000 .3706000 .5287000 .7226000 .4723000
500 1      
500 1      
       
500 1 .1535000 .2054000 .2878000 .4083000 .5597000 .3763000
1000 1      
500 1 .1535000 .2054000 .2878000 .4083000 .5561000 .3757000
500 1 .1535000 .2054000 .2878000 .4083000 .5561000 .3759000
1000 1 .1976000 .2645000 .3706000 .5287000 .7226000 .4735000
1000 1 .1976000 .2645000 .3706000 .5287000 .7226000 .4735000
1000 150      
1000 225 .8181000 1.0968000 1.5176000 2.1406000 2.8848000 2.4996000
1000 175      
1000 1      
1000 1 .6182000 .8210000 1.1426000 1.6026000 2.1656000 1.8549000
1000 1      
1000 1      
1000 1      
1000 1 .3249000 .4348000 .6006000 .8472000 1.1417000 .9987000
500 1 .2687000 .3595000 .4966000 .6965000 .9412000 .9016000
500 1 .2687000 .3595000 .4966000 .6965000 .9412000 .9016000
500 1 .2687000 .3595000 .4966000 .6965000 .9412000 .9016000
500 1 .4929000 .6596000 .9111000 1.2779000 1.7269000 1.6197000
500 1 .1535000 .2054000 .2878000 .4083000 .5561000 .3757000
1000 1 .1976000 .2645000 .3706000 .5287000 .7226000 .4723000
1000 1 .1976000 .2645000 .3706000 .5287000 .7226000 .4735000
500 1 .1535000 .2054000 .2878000 .4083000 .5561000 .3759000
1000 150      
1000 150      
