proc xmin xmax y yerr rel
qcd 200.0 270.0 145.305578709 145.388675535 1.00057187637
qcd 270.0 350.0 105.920085907 105.887004005 0.99968767112
qcd 350.0 475.0 31.1436448246 31.1286261985 0.999517762736
qcd 475.0 1000.0 10.7342852745 10.7390260423 1.00044164726
zll 200.0 270.0 248.797082901 41.1628438639 0.16544745374
zll 270.0 350.0 86.7282581329 16.9512743806 0.195452724931
zll 350.0 475.0 24.1104736924 5.10379100572 0.211683564198
zll 475.0 1000.0 4.07061207807 0.95472732774 0.234541466843
dibosons 200.0 270.0 164.084730148 36.2282437775 0.220789855002
dibosons 270.0 350.0 75.7161188126 16.7129279436 0.220731440092
dibosons 350.0 475.0 31.3764624298 6.92291343845 0.220640343186
dibosons 475.0 1000.0 12.0575505774 2.67030237194 0.22146308695
stop 200.0 270.0 417.628483772 85.763583606 0.205358558955
stop 270.0 350.0 170.066871643 34.9294105404 0.205386329524
stop 350.0 475.0 64.7636502981 13.2966800422 0.205310849234
stop 475.0 1000.0 13.7624819297 2.82643998614 0.205372839039
wjets 200.0 270.0 6950.15213013 755.283374361 0.10867148808
wjets 270.0 350.0 2749.49890137 462.524560159 0.168221402063
wjets 350.0 475.0 966.644525528 290.410723705 0.300431767869
wjets 475.0 1000.0 221.310169995 79.657393322 0.359935529957
ttbar 200.0 270.0 2184.15893555 292.363650946 0.133856399453
ttbar 270.0 350.0 779.538955688 102.113782661 0.130992533364
ttbar 350.0 475.0 195.911690593 25.7037370255 0.131200628956
ttbar 475.0 1000.0 31.7378159612 3.80371103888 0.119847914032
data 200.0 270.0 158.085708618 1.5027865274
data 270.0 350.0 54.1375007629 0.822629169189
data 350.0 475.0 11.5120000839 0.303473227814
data 475.0 1000.0 0.596190452576 0.0336986781199
