proc xmin xmax y yerr rel
vh 200.0 270.0 0.289900745265 0.0384827831213 0.132744685034
vh 270.0 350.0 0.171739943326 0.023550960964 0.137131528682
vh 350.0 475.0 0.0874546676641 0.0114764220066 0.131227095285
vh 475.0 1000.0 0.0644084408123 0.00906581368789 0.140755055914
tth 200.0 270.0 0.253469403833 0.0372969148736 0.147145629056
tth 270.0 350.0 0.150882415473 0.022285567208 0.147701553809
tth 350.0 475.0 0.0800519846962 0.0118470469197 0.147991920058
tth 475.0 1000.0 0.0127959267502 0.00198157467424 0.15485980132
qcd 200.0 270.0 0.598313901573 0.585548116922 0.97866373384
qcd 270.0 350.0 4.7865111874e-08 4.68438560172e-08 0.978663878202
qcd 350.0 475.0 7.47892373032e-08 7.31935250269e-08 0.978663878202
qcd 475.0 1000.0 3.14114796673e-07 3.07412805113e-07 0.978663878202
zll 200.0 270.0 0.588781833649 0.193007617478 0.32780837731
zll 270.0 350.0 0.117619149387 0.0218376175794 0.185663794486
zll 350.0 475.0 0.0356858508894 0.00875370867255 0.245299143901
zll 475.0 1000.0 0.00649211763175 0.00136403588922 0.2101064655
dibosons 200.0 270.0 0.48136995174 0.108536502737 0.225474195771
dibosons 270.0 350.0 0.622904933989 0.140975964535 0.226320192445
dibosons 350.0 475.0 1.38034361719e-07 3.11884055958e-08 0.225946678838
dibosons 475.0 1000.0 5.79744319218e-07 1.30991303502e-07 0.225946678838
stop 200.0 270.0 16.3910585642 3.34421377219 0.204026711215
stop 270.0 350.0 6.40331089497 1.30382815631 0.203617812362
stop 350.0 475.0 2.89585487917 0.589732703988 0.203647188342
stop 475.0 1000.0 0.678873990546 0.138482751955 0.203988890256
wjets 200.0 270.0 10.3642141819 11.2951347731 1.08982066318
wjets 270.0 350.0 6.1523771286 4.94446892798 0.803668049703
wjets 350.0 475.0 2.59507214651 2.32857920229 0.897308078863
wjets 475.0 1000.0 0.398988675443 0.150652144493 0.377585013726
ttbar 200.0 270.0 293.800749779 23.4499081738 0.079815685261
ttbar 270.0 350.0 92.6881408691 9.42754602017 0.101712537675
ttbar 350.0 475.0 21.918464452 3.82006747854 0.174285360496
ttbar 475.0 1000.0 4.46933030616 3.04663531327 0.681676024051
data 200.0 270.0 4.31428575516 0.248259245671
data 270.0 350.0 1.1875 0.12183492931
data 350.0 475.0 0.20000000298 0.04
data 475.0 1000.0 0.00571428565308 0.00329914439537
