proc xmin xmax y yerr rel
vh 200.0 270.0 1.51474229991 0.203419300513 0.134293008471
vh 270.0 350.0 0.876662880182 0.115822994015 0.132118054309
vh 350.0 475.0 0.463848788058 0.0575477360171 0.124065724647
vh 475.0 1000.0 0.200090330327 0.0263494477281 0.131687761648
dibosons 200.0 270.0 0.319683584385 0.0705162541897 0.220581404971
dibosons 270.0 350.0 0.295233633369 0.0651230530365 0.220581416465
dibosons 350.0 475.0 7.68646604699e-08 1.69549159111e-08 0.220581419438
dibosons 475.0 1000.0 3.22831573973e-07 7.12106468265e-08 0.220581419438
stop 200.0 270.0 0.700262384489 0.143466023045 0.2048746673
stop 270.0 350.0 1.09671592712 0.226312474706 0.206354689586
stop 350.0 475.0 0.00990922399069 0.00202190315412 0.204042532091
stop 475.0 1000.0 0.00148798013697 0.000308242308337 0.207154854207
ttbar 200.0 270.0 3.12360208482 0.643275430434 0.205940261585
ttbar 270.0 350.0 0.701719075441 0.19139302461 0.272748784106
ttbar 350.0 475.0 0.188083446119 0.0755611934928 0.401742923431
ttbar 475.0 1000.0 2.10703747783e-06 4.76350261315e-07 0.226075836965
zll 200.0 270.0 25.907523036 3.58955010592 0.138552423593
zll 270.0 350.0 9.95016932487 1.68369450456 0.169212648507
zll 350.0 475.0 3.60721442848 0.759418133734 0.210527582651
zll 475.0 1000.0 0.997225291212 0.158517925831 0.158958990739
data 200.0 270.0 0.471428573132 0.0820651806648
data 270.0 350.0 0.20000000298 0.05
data 350.0 475.0 0.0320000015199 0.016
data 475.0 1000.0 0.00190476188436 0.00190476190476
