proc xmin xmax y yerr rel
vh 200.0 270.0 1.08891114593 0.423704525399 0.389108447447
vh 270.0 350.0 0.579979121685 0.296278718631 0.510843765841
vh 350.0 475.0 0.30337748467 0.174535258398 0.575307223566
vh 475.0 1000.0 0.151523426757 0.0972825673743 0.642029879183
dibosons 200.0 270.0 1.37803385034 0.308532467134 0.223893242577
dibosons 270.0 350.0 1.10242712736e-07 2.46825942521e-08 0.223893204725
dibosons 350.0 475.0 1.72254238651e-07 3.8566553519e-08 0.223893204725
dibosons 475.0 1000.0 7.23467802333e-07 1.6197952478e-07 0.223893204725
stop 200.0 270.0 0.611954797059 0.126906547461 0.207378956863
stop 270.0 350.0 0.425545796752 0.088135875156 0.207112550115
stop 350.0 475.0 0.141273936606 0.0291057274224 0.206023333968
stop 475.0 1000.0 0.00468970019938 0.000967941209667 0.206397246842
ttbar 200.0 270.0 1.50222988799 0.362056388432 0.241012638163
ttbar 270.0 350.0 0.536094382405 0.128527772034 0.23974840299
ttbar 350.0 475.0 0.499874004163 0.110590390454 0.221236530671
ttbar 475.0 1000.0 1.33255411705e-06 3.14874465557e-07 0.236293942233
zll 200.0 270.0 15.4066599905 2.39678120504 0.155567865229
zll 270.0 350.0 5.75543284416 1.21398959536 0.210929330292
zll 350.0 475.0 2.58302432485 0.67134748691 0.259907535694
zll 475.0 1000.0 0.597169311368 0.105520932662 0.176701867717
data 200.0 270.0 0.371428579092 0.0728431359085
data 270.0 350.0 0.11249999702 0.0375
data 350.0 475.0 0.0399999991059 0.01788854382
data 475.0 1000.0 0.00380952376872 0.00269374011881
