proc xmin xmax y yerr rel
vh 200.0 270.0 0.121525236173 0.0153911664902 0.126649961563
vh 270.0 350.0 0.105996904895 0.0138560506853 0.130721276239
vh 350.0 475.0 0.062135150074 0.00801392678128 0.128975737111
vh 475.0 1000.0 0.0180851137884 0.00248879688805 0.137615771577
tth 200.0 270.0 0.20812302595 0.0310871210012 0.149368965108
tth 270.0 350.0 0.096926568076 0.0144969809241 0.149566638043
tth 350.0 475.0 0.0248721353273 0.00371596794154 0.14940285153
tth 475.0 1000.0 0.00597187320182 0.000894885395653 0.149850032881
qcd 200.0 270.0 9.99999269879e-05 0.000104413719488 1.04413795723
qcd 270.0 350.0 7.9999944386e-12 8.35309851598e-12 1.04413804036
qcd 350.0 475.0 1.24999913103e-11 1.30517164312e-11 1.04413804036
qcd 475.0 1000.0 5.24999635033e-11 5.48172090111e-11 1.04413804036
zll 200.0 270.0 0.0484174577286 0.0106868695068 0.220723474717
zll 270.0 350.0 0.244540013373 0.0474995589393 0.1942404365
zll 350.0 475.0 0.019652517949 0.0112598534011 0.572947111936
zll 475.0 1000.0 0.0255036945418 0.00725797300384 0.284585160473
dibosons 200.0 270.0 2.97138433303e-08 6.71405885346e-09 0.225957267757
dibosons 270.0 350.0 3.39586780918e-08 7.67321011824e-09 0.225957267757
dibosons 350.0 475.0 0.424483499955 0.0959151454309 0.225957299732
dibosons 475.0 1000.0 2.22853824977e-07 5.0355441401e-08 0.225957267757
stop 200.0 270.0 9.65296626091 1.97275414177 0.20436766155
stop 270.0 350.0 5.01289963722 1.02488094197 0.204448725515
stop 350.0 475.0 1.45681540016 0.298116501516 0.204635742787
stop 475.0 1000.0 0.000765583479279 0.000156693948591 0.204672583503
wjets 200.0 270.0 1.99883528054 1.21293642277 0.606821599849
wjets 270.0 350.0 2.42162510753 2.66067369893 1.09871411998
wjets 350.0 475.0 1.32902781479 0.35534427166 0.267371583729
wjets 475.0 1000.0 1.00074336806 0.265909696876 0.265712174933
ttbar 200.0 270.0 158.603579998 12.7508692819 0.0803945868187
ttbar 270.0 350.0 56.8906593323 5.63782175842 0.0990992515219
ttbar 350.0 475.0 15.3861213475 2.72184603117 0.17690267545
ttbar 475.0 1000.0 2.68116864609 1.57151826671 0.586131823153
data 200.0 270.0 2.51428580284 0.189521416592
data 270.0 350.0 0.625 0.0883883476483
data 350.0 475.0 0.119999997318 0.0309838667697
data 475.0 1000.0 0.00952380988747 0.0042591771
