proc xmin xmax y yerr rel
dibosons 200.0 270.0 16.4869479835 3.64615711364 0.221154158871
dibosons 270.0 350.0 6.10089302063 1.34677763231 0.22075090118
dibosons 350.0 475.0 4.47282101959 0.988937072335 0.221099182821
dibosons 475.0 1000.0 0.97717368335 0.215588454216 0.220624498889
stop 200.0 270.0 2.60946262628 0.536341533611 0.205537158574
stop 270.0 350.0 0.575528293848 0.119542522772 0.207709202222
stop 350.0 475.0 0.428765080869 0.0882907038903 0.205918596989
stop 475.0 1000.0 0.0148228512899 0.00306126946371 0.20652365755
ttbar 200.0 270.0 15.1503790915 2.33756930948 0.15429114317
ttbar 270.0 350.0 4.40655916929 0.962457060166 0.218414645802
ttbar 350.0 475.0 1.20625365525 0.245944396847 0.203891110113
ttbar 475.0 1000.0 0.369483817485 0.144504876591 0.391099338461
zll 200.0 270.0 722.160186768 72.0159341876 0.0997229361397
zll 270.0 350.0 298.885059357 34.9340145986 0.116881100293
zll 350.0 475.0 101.627089083 11.9730851468 0.117813914133
zll 475.0 1000.0 23.4255859628 3.26332552991 0.139306036361
data 200.0 270.0 12.3000001907 0.419182878603
data 270.0 350.0 4.34999990463 0.233184476327
data 350.0 475.0 1.08800005913 0.0932952303175
data 475.0 1000.0 0.0533333346248 0.0100790526136
