proc xmin xmax y yerr rel
qcd 200.0 270.0 28.4337720275 29.6465506736 1.04265275268
qcd 270.0 350.0 75.6908512115 78.8809179634 1.04214600181
qcd 350.0 475.0 28.038199991 29.2263338885 1.04237554115
qcd 475.0 1000.0 9.9683735054 10.3816206795 1.04145582766
zll 200.0 270.0 63.4233766794 10.0727573857 0.158817740604
zll 270.0 350.0 24.0629291534 4.31311274059 0.179243046974
zll 350.0 475.0 8.03343392909 1.76197005711 0.219329625744
zll 475.0 1000.0 2.05625693779 0.52147980587 0.253606344754
dibosons 200.0 270.0 86.5084135532 19.2487139706 0.222506842745
dibosons 270.0 350.0 43.6253595352 9.70423870483 0.22244489921
dibosons 350.0 475.0 20.7917522639 4.62275660925 0.222336075891
dibosons 475.0 1000.0 4.28952982184 0.955633781348 0.222782873891
stop 200.0 270.0 224.071683884 46.2016291707 0.206191288296
stop 270.0 350.0 105.270910263 21.6988239022 0.20612364658
stop 350.0 475.0 37.2749567032 7.68389863513 0.206141047898
stop 475.0 1000.0 10.2148024365 2.10599747943 0.206171141587
wjets 200.0 270.0 3471.90189362 407.405740033 0.117343678628
wjets 270.0 350.0 1539.20959473 223.369132897 0.145119374036
wjets 350.0 475.0 590.737462044 177.375703193 0.300261477543
wjets 475.0 1000.0 148.626659811 61.9272616604 0.416663213311
ttbar 200.0 270.0 1309.12355423 169.164862402 0.129219936388
ttbar 270.0 350.0 515.367469788 65.6471763126 0.127379355821
ttbar 350.0 475.0 136.410474777 17.6097130409 0.12909355436
ttbar 475.0 1000.0 22.6572744548 2.54191981301 0.112190008471
data 200.0 270.0 82.3000030518 1.08430359481
data 270.0 350.0 31.7374992371 0.629856134367
data 350.0 475.0 7.48000001907 0.244622157623
data 475.0 1000.0 0.39809525013 0.0275368234187
