proc xmin xmax y yerr rel
vh 200.0 270.0 8.1183308363 1.08964063433 0.134219786839
vh 270.0 350.0 4.9315237999 0.662893567953 0.134419622585
vh 350.0 475.0 2.77936668135 0.376145109105 0.135334827041
vh 475.0 1000.0 1.41240914818 0.20431548784 0.144657437332
qcd 200.0 270.0 3.47215916961 3.48815517048 1.00460693191
qcd 270.0 350.0 7.04368829929e-07 7.05351817588e-07 1.00139555815
qcd 350.0 475.0 5.33245084807 5.32925348273 0.999400394784
qcd 475.0 1000.0 4.62242044641e-06 4.62887130292e-06 1.00139555815
zll 200.0 270.0 9.73748922348 1.76653607249 0.181415972017
zll 270.0 350.0 1.25522732735 0.23137723348 0.184330940252
zll 350.0 475.0 0.757889007218 0.259829429468 0.342833089006
zll 475.0 1000.0 0.332485153922 0.0609320937192 0.18326259985
dibosons 200.0 270.0 5.21405667067 1.1534401099 0.221217409544
dibosons 270.0 350.0 2.83630073071 0.625647471746 0.220585731609
dibosons 350.0 475.0 1.93485908676 0.429040809262 0.221742664465
dibosons 475.0 1000.0 1.43020733376 0.315006913107 0.220252620492
stop 200.0 270.0 97.1139717102 19.9394875854 0.205320483081
stop 270.0 350.0 43.8161706924 8.99735136265 0.205343169439
stop 350.0 475.0 13.2637359202 2.7242049905 0.205387456965
stop 475.0 1000.0 2.64778108103 0.542849590419 0.205020571492
wjets 200.0 270.0 164.468250275 20.3138610149 0.123512355613
wjets 270.0 350.0 78.4822368622 10.9908308481 0.1400422731
wjets 350.0 475.0 25.2689570189 7.61131035438 0.301211892074
wjets 475.0 1000.0 8.44300696626 2.89917991938 0.343382391008
ttbar 200.0 270.0 467.368307114 32.8962757032 0.0703861926504
ttbar 270.0 350.0 174.669036865 16.5921471463 0.0949919198277
ttbar 350.0 475.0 43.5527563095 7.13633874895 0.163855042795
ttbar 475.0 1000.0 9.31367701851 6.60670657392 0.709355344918
data 200.0 270.0 11.2714281082 0.401273483005
data 270.0 350.0 3.95000004768 0.222204860433
data 350.0 475.0 0.680000007153 0.0737563556583
data 475.0 1000.0 0.0514285713434 0.00989743318611
