proc xmin xmax y yerr rel
qcd 200.0 270.0 20.2097937465 19.7902869965 0.979242403202
qcd 270.0 350.0 5.1300740242 5.11202719444 0.996482150224
qcd 350.0 475.0 3.48755779811e-06 3.42443066854e-06 0.981899330929
qcd 475.0 1000.0 2.56059423555 2.55040341801 0.996020135719
zll 200.0 270.0 15.2107223868 2.52733496793 0.166154828394
zll 270.0 350.0 4.05245602131 0.642764936847 0.158611206011
zll 350.0 475.0 0.971211818978 0.146675202874 0.15102287679
zll 475.0 1000.0 0.191545004054 0.0304045925273 0.158733414518
dibosons 200.0 270.0 11.5172570944 2.52332960849 0.219091194007
dibosons 270.0 350.0 5.28238296509 1.16894210012 0.221290676546
dibosons 350.0 475.0 2.84507405013 0.631057558425 0.22180707683
dibosons 475.0 1000.0 0.618214698625 0.140043339775 0.226528647873
stop 200.0 270.0 94.6361029148 19.270372621 0.203626016155
stop 270.0 350.0 40.863904953 8.32078151187 0.203621790953
stop 350.0 475.0 11.2758614123 2.29613495277 0.203632775255
stop 475.0 1000.0 4.19974057004 0.855213882735 0.203634931366
wjets 200.0 270.0 271.023843288 36.3905840653 0.134270784532
wjets 270.0 350.0 134.279661179 22.8271918658 0.169997389518
wjets 350.0 475.0 51.0019883513 13.7456829436 0.269512687405
wjets 475.0 1000.0 14.580601221 5.78794915928 0.396962311195
ttbar 200.0 270.0 1456.8806076 110.400437186 0.0757786441863
ttbar 270.0 350.0 403.654785156 38.8962352196 0.0963601489439
ttbar 350.0 475.0 102.712757885 15.3332485032 0.149282803995
ttbar 475.0 1000.0 13.793899538 8.47153466936 0.61415081689
data 200.0 270.0 26.3428573608 0.613454587245
data 270.0 350.0 7.08750009537 0.297647022495
data 350.0 475.0 1.45599997044 0.107925900506
data 475.0 1000.0 0.0628571435809 0.0109420240886
