proc xmin xmax y yerr rel
qcd 200.0 270.0 5.59614099562 6.07589348278 1.08572916364
qcd 270.0 350.0 18.930696249 20.5684156634 1.08651131436
qcd 350.0 475.0 9.48042050004 10.3015505757 1.08661325472
qcd 475.0 1000.0 0.35151422635 0.365402831734 1.03951079172
zll 200.0 270.0 3.44184070826 0.622640568441 0.180903365733
zll 270.0 350.0 2.3750077188 0.435181708422 0.183233808032
zll 350.0 475.0 0.44564390555 0.0978080888778 0.219475881213
zll 475.0 1000.0 0.199851144862 0.0506425826694 0.253401513934
dibosons 200.0 270.0 3.60259804875 0.792923486174 0.220097683795
dibosons 270.0 350.0 1.87346771359 0.411048518077 0.21940517848
dibosons 350.0 475.0 2.84795463085 0.623209434291 0.218827023275
dibosons 475.0 1000.0 1.36920761433 0.306886211003 0.224134169128
stop 200.0 270.0 51.4870178699 10.5148963166 0.204224224893
stop 270.0 350.0 23.0941867828 4.7172602645 0.204261804447
stop 350.0 475.0 9.90873202682 2.0239191895 0.204256123187
stop 475.0 1000.0 2.61725652963 0.535519853274 0.204611144231
wjets 200.0 270.0 153.398370743 20.7629546895 0.135353163068
wjets 270.0 350.0 77.5215578079 14.6673008753 0.1892028655
wjets 350.0 475.0 32.677732408 9.73383736771 0.297873709417
wjets 475.0 1000.0 9.12583339959 4.15195142275 0.454966822311
ttbar 200.0 270.0 861.296014786 65.4379356975 0.0759761273408
ttbar 270.0 350.0 263.230209351 22.7437762456 0.086402606683
ttbar 350.0 475.0 65.2954354882 9.82675256153 0.150496776506
ttbar 475.0 1000.0 12.0497000869 6.88264702351 0.57118824318
data 200.0 270.0 15.2428569794 0.466642370602
data 270.0 350.0 4.83750009537 0.245903944661
data 350.0 475.0 0.959999978542 0.0876356092008
data 475.0 1000.0 0.0304761901498 0.00761904761905
