proc xmin xmax y yerr rel
dibosons 200.0 270.0 13.0588039756 2.92963640296 0.224341862274
dibosons 270.0 350.0 4.64614957571 1.0416983536 0.224206805362
dibosons 350.0 475.0 1.19142583571 0.267748161787 0.224729188978
dibosons 475.0 1000.0 0.944741637795 0.211572533205 0.223947505583
stop 200.0 270.0 1.59137787297 0.328184606681 0.206226699676
stop 270.0 350.0 0.654882118106 0.134966507064 0.206092826987
stop 350.0 475.0 0.0590639647271 0.0122093884327 0.206714677707
stop 475.0 1000.0 0.204472249607 0.0421260624939 0.206023372731
ttbar 200.0 270.0 10.0501517951 1.95051959593 0.194078620472
ttbar 270.0 350.0 4.39045995474 0.767358258234 0.174778557633
ttbar 350.0 475.0 1.21824489906 0.188109128319 0.154409945376
ttbar 475.0 1000.0 0.153558306192 0.0464503152673 0.302493016621
zll 200.0 270.0 477.142729759 47.0182837777 0.0985413396143
zll 270.0 350.0 188.722324371 19.7995994759 0.104913923362
zll 350.0 475.0 75.8564397693 8.54850938964 0.112693258682
zll 475.0 1000.0 16.8763484806 2.39141446366 0.141702126287
data 200.0 270.0 7.88571405411 0.335638289271
data 270.0 350.0 2.9375 0.191621371459
data 350.0 475.0 0.600000023842 0.0692820323028
data 475.0 1000.0 0.0495238080621 0.00971241812113
