proc xmin xmax y yerr rel
vh 200.0 270.0 12.9028184712 1.69095616376 0.131053239843
vh 270.0 350.0 6.76814496517 0.843144800224 0.124575464113
vh 350.0 475.0 3.33429337479 0.442128740958 0.132600431714
vh 475.0 1000.0 1.35339319822 0.186238017204 0.137608211308
dibosons 200.0 270.0 16.0422229767 3.54660726789 0.221079539478
dibosons 270.0 350.0 7.6631206274 1.69690127133 0.221437369165
dibosons 350.0 475.0 2.37066857517 0.525796362475 0.221792437789
dibosons 475.0 1000.0 0.959592589061 0.212492397843 0.221440223972
stop 200.0 270.0 21.7005029321 4.47363278585 0.206153414963
stop 270.0 350.0 6.3057744503 1.30142622071 0.206386421043
stop 350.0 475.0 0.980179291219 0.202024081129 0.206109313816
stop 475.0 1000.0 0.178256214713 0.0367595885996 0.206217711168
wjets 200.0 270.0 86.9310367107 6.89493722558 0.0793150235689
wjets 270.0 350.0 31.347618103 2.48633704293 0.0793150227476
wjets 350.0 475.0 5.87987201288 0.466362088971 0.0793150068486
wjets 475.0 1000.0 1.9449323765 0.154262373686 0.0793150320034
ttbar 200.0 270.0 206.139147282 12.5766680993 0.0610105759395
ttbar 270.0 350.0 59.6899938583 3.64172124116 0.0610105816027
ttbar 350.0 475.0 12.8848413005 0.786111650715 0.0610105807575
ttbar 475.0 1000.0 1.13048554631 0.0689715580139 0.0610105615583
zvv 200.0 270.0 196.072127819 15.5385054713 0.079248925608
zvv 270.0 350.0 74.7032833099 5.92015449271 0.0792489195976
zvv 350.0 475.0 25.5284197628 2.02309965476 0.0792489184037
zvv 475.0 1000.0 7.36033113208 0.583298196462 0.079248906876
data 200.0 270.0 8.84285736084 0.355424437275
data 270.0 350.0 2.67499995232 0.182859235479
data 350.0 475.0 0.472000002861 0.0614491659829
data 475.0 1000.0 0.0399999991059 0.00872871560944
