proc xmin xmax y yerr rel
vh 200.0 270.0 4.7837460041 0.588496134781 0.123019937571
vh 270.0 350.0 3.20547729731 0.387178436801 0.120786516606
vh 350.0 475.0 2.03690468334 0.25242736826 0.123926941857
vh 475.0 1000.0 1.05826614308 0.138225543679 0.130615105267
qcd 200.0 270.0 6.47520764785e-08 6.75409573909e-08 1.04307013866
qcd 270.0 350.0 7.40023731183e-08 7.71896655896e-08 1.04307013866
qcd 350.0 475.0 1.15628707997e-07 1.20608852484e-07 1.04307013866
qcd 475.0 1000.0 0.925029601785 0.964870897509 1.04307029272
zll 200.0 270.0 2.38812051713 0.394653792872 0.165257067238
zll 270.0 350.0 0.735440254211 0.138298539519 0.188048639883
zll 350.0 475.0 0.53307559574 0.111125204024 0.208460497745
zll 475.0 1000.0 0.0606783072726 0.0164623032562 0.271304589665
dibosons 200.0 270.0 2.80292082578 0.623523152683 0.222454786075
dibosons 270.0 350.0 3.24387520552 0.722703262037 0.222790094023
dibosons 350.0 475.0 0.550310476683 0.122116097045 0.221904001866
dibosons 475.0 1000.0 0.483040623658 0.107188653869 0.221904015147
stop 200.0 270.0 48.3041346073 9.95731441653 0.206137932032
stop 270.0 350.0 28.5149168968 5.87673437612 0.20609333695
stop 350.0 475.0 9.67997033149 1.99592507071 0.20619123844
stop 475.0 1000.0 2.808557963 0.578367392027 0.205930374109
wjets 200.0 270.0 81.4863944054 11.8662778444 0.145622811403
wjets 270.0 350.0 38.3836150169 5.81411589444 0.151473900827
wjets 350.0 475.0 15.2648771182 5.044524971 0.330466136868
wjets 475.0 1000.0 5.87364889216 2.62918712879 0.447624156136
ttbar 200.0 270.0 266.904289722 18.4072998991 0.0689659200241
ttbar 270.0 350.0 109.513711929 10.1121699672 0.0923370214473
ttbar 350.0 475.0 32.5906984508 5.13580670437 0.157585045688
ttbar 475.0 1000.0 9.90839079022 5.95288934655 0.600792749558
data 200.0 270.0 6.48571443558 0.304389653609
data 270.0 350.0 2.23749995232 0.167238602003
data 350.0 475.0 0.479999989271 0.0619677335393
data 475.0 1000.0 0.0399999991059 0.00872871560944
