med dm twosigdown onesigdown exp onesigup twosigup
10 1 .0518000 .0683000 .0950000 .1324000 .1783000
10 4 .0553000 .0735000 .1011000 .1410000 .1884000
10 25 .0689000 .0909000 .1265000 .1764000 .2357000
10 50 .2733000 .3594000 .4980000 .6906000 .9255000
10 100     
10 500     
100 25 .0753000 .1004000 .1382000 .1927000 .2594000
100 1 .0553000 .0735000 .1011000 .1418000 .1903000
1000 1 .0363000 .0482000 .0671000 .0936000 .1269000
1000 25 .0458000 .0613000 .0847000 .1188000 .1617000
1000 1000     
1000 50 .2096000 .2782000 .3818000 .5295000 .7096000
1000 5 .0446000 .0589000 .0813000 .1127000 .1511000
15 1 .0572000 .0762000 .1050000 .1464000 .1970000
15 100     
15 25 .0678000 .0904000 .1245000 .1746000 .2344000
15 5 .0567000 .0748000 .1040000 .1442000 .1946000
20 1 .0545000 .0720000 .1001000 .1388000 .1860000
20 100     
20 25 .0713000 .0948000 .1304000 .1818000 .2447000
20 500     
200 25 .0870000 .1154000 .1597000 .2227000 .2997000
200 5 .0647000 .0862000 .1187000 .1655000 .2227000
200 50 .2673000 .3550000 .4941000 .6891000 .9275000
300 1 .0843000 .1119000 .1558000 .2172000 .2924000
300 100 157.9773000 210.6282000 294.1250000 414.8817000 566.6015000
300 1000     
300 25 .1138000 .1513000 .2080000 .2917000 .3916000
300 5 .0875000 .1155000 .1606000 .2253000 .3045000
50 1 .0535000 .0713000 .0981000 .1369000 .1842000
50 100     
50 24 .0678000 .0895000 .1245000 .1736000 .2353000
50 5 .0592000 .0779000 .1079000 .1496000 .2005000
50 500     
500 1 .0446000 .0594000 .0818000 .1141000 .1546000
500 1000     
500 25 .0573000 .0761000 .1060000 .1478000 .1989000
500 5 .0488000 .0644000 .0896000 .1250000 .1682000
700 1 .0281000 .0375000 .0525000 .0740000 .1011000
700 1000     
