med dm twosigdown onesigdown exp onesigup twosigup
10 1 .1062000 .1419000 .1985000 .2816000 .3834000
10 10 23.9442000 32.0506000 44.9062000 63.7011000 87.3211000
10 50 804.6636000 1081.3943000 1520.2500000 2168.6467000 2983.5217000
10 150 2134.3052000 2884.0222000 4092.7500000 5903.5903000 8177.9106000
10 500     
10 1000     
15 10 7.1233000 9.5349000 13.3594000 18.9507000 25.8083000
20 1 .1058000 .1417000 .1985000 .2800000 .3824000
50 1 .0972000 .1302000 .1824000 .2594000 .3551000
50 10 .0958000 .1287000 .1809000 .2566000 .3495000
50 50 26.9569000 36.2276000 50.9297000 72.2455000 99.0338000
95 50 1.4559000 1.9488000 2.7305000 3.8733000 5.3095000
100 1 .0880000 .1180000 .1663000 .2372000 .3242000
100 10 .1035000 .1385000 .1941000 .2753000 .3774000
200 1 .0996000 .1333000 .1868000 .2649000 .3608000
200 50 .0926000 .1239000 .1736000 .2462000 .3375000
200 150 15.1214000 20.2972000 28.7812000 41.1714000 56.9225000
295 150 .6420000 .8628000 1.2129000 1.7399000 2.3868000
300 1 .0992000 .1331000 .1868000 .2664000 .3665000
300 50 .0965000 .1297000 .1824000 .2587000 .3546000
500 1 .1237000 .1653000 .2336000 .3314000 .4573000
500 150 .1472000 .1982000 .2791000 .3981000 .5476000
500 500 356.2939000 487.1420000 701.6250000 1034.4332000 1468.0648000
995 500     
1000 1 .1636000 .2199000 .3091000 .4409000 .6066000
1000 150 .1662000 .2243000 .3164000 .4514000 .6249000
1000 1000     
1995 1000 11.4219000 15.5840000 22.4062000 33.0344000 47.1566000
2000 1 .5113000 .7005000 1.0107000 1.4821000 2.1100000
2000 500 .7494000 1.0183000 1.4590000 2.1336000 3.0062000
10000 1     
10000 10     
10000 50     
10000 150     
10000 500     
10000 1000     
